0.5353118042151134
0.5245995120207468
0.5164701692263285
0.5085894191265106
0.47238603671391804
0.49193873365720114
0.4639445082346598
0.4669820153713226
0.4621176024278005
0.4593353625138601
0.4504386830329895
0.43805263002713524
0.4548339549700419
0.4578374240795771
0.4367053536574046
0.4298499516646067
0.43038330852985385
0.4198035359382629
0.4258634587128957
0.41112876852353414
0.4243074397246043
0.42373791654904686
0.4213572804133097
0.4198445943991343
0.4241228973865509
0.5198988608519236
0.454200408856074
0.428967715104421
0.4231074078877767
0.4038392396767934
