0.8036321512858073
0.8063100179036459
0.806097666422526
0.8134280395507812
0.8238850911458333
0.8177715555826823
0.8265806070963542
0.8262444051106771
0.8264643351236979
0.8285383605957031
0.8332067362467448
0.8372452799479166
0.8277068583170573
0.8298824055989583
0.8349150594075521
0.8381388346354167
0.8395745340983073
0.8428085327148438
0.8385412089029948
0.8435554504394531
0.8389295450846355
0.839683837890625
0.8401398213704427
0.8408265177408855
0.838810323079427
0.8070435078938802
0.8294826761881511
0.8384226989746094
0.8399876912434896
0.8465980529785156
